Mesh_9
676
2.47114 -3.47284 0.988657 2.52696 -4.47127 0.985166 2.4703 -3.47282 0.970087 
2.52612 -4.47125 0.966597 2.46878 -3.47284 0.951562 2.5246 -4.47127 0.948071 
2.46657 -3.4729 0.933105 2.52239 -4.47133 0.929615 2.46368 -3.47299 0.914744 
2.5195 -4.47143 0.911253 2.46011 -3.47313 0.896502 2.51593 -4.47157 0.893012 
2.45586 -3.4733 0.878407 2.51168 -4.47174 0.874916 2.45094 -3.47352 0.860481 
2.50676 -4.47195 0.856991 2.44537 -3.47377 0.842751 2.50119 -4.4722 0.839261 
2.43914 -3.47405 0.825241 2.49496 -4.47249 0.82175 2.43226 -3.47438 0.807974 
2.48808 -4.47281 0.804484 2.42475 -3.47474 0.790976 2.48057 -4.47317 0.787485 
2.41661 -3.47513 0.774269 2.47243 -4.47357 0.770778 2.40786 -3.47557 0.757876 
2.46368 -4.474 0.754385 2.3985 -3.47603 0.74182 2.45432 -4.47447 0.738329 
2.38856 -3.47653 0.726123 2.44438 -4.47497 0.722632 2.37804 -3.47707 0.710807 
2.43386 -4.4755 0.707317 2.36696 -3.47764 0.695894 2.42278 -4.47607 0.692403 
2.35533 -3.47824 0.681403 2.41115 -4.47667 0.677912 2.34317 -3.47887 0.667355 
2.39899 -4.4773 0.663864 2.3305 -3.47953 0.653769 2.38632 -4.47796 0.650278 
2.31734 -3.48022 0.640664 2.37316 -4.47865 0.637173 2.3037 -3.48094 0.628058 
2.35952 -4.47937 0.624567 2.2896 -3.48168 0.615968 2.34542 -4.48012 0.612478 
2.27506 -3.48246 0.604412 2.33088 -4.48089 0.600921 2.2601 -3.48325 0.593405 
2.31592 -4.48169 0.589914 2.24475 -3.48407 0.582962 2.30057 -4.48251 0.579471 
2.22901 -3.48492 0.573098 2.28483 -4.48335 0.569607 2.21293 -3.48579 0.563826 
2.26875 -4.48422 0.560336 2.19651 -3.48667 0.55516 2.25233 -4.48511 0.551669 
2.17977 -3.48758 0.547111 2.2356 -4.48602 0.54362 2.16276 -3.48851 0.53969 
2.21858 -4.48694 0.536199 2.14548 -3.48945 0.532908 2.2013 -4.48788 0.529417 
2.12796 -3.49041 0.526773 2.18378 -4.48884 0.523283 2.11022 -3.49138 0.521296 
2.16604 -4.48981 0.517805 2.09229 -3.49237 0.516482 2.14811 -4.4908 0.512991 
2.0742 -3.49336 0.512339 2.13002 -4.4918 0.508848 2.05596 -3.49437 0.508872 
2.11179 -4.49281 0.505382 2.03761 -3.49539 0.506087 2.09344 -4.49382 0.502596 
2.01917 -3.49641 0.503986 2.07499 -4.49484 0.500496 2.00067 -3.49744 0.502574 
2.05649 -4.49587 0.499083 1.98212 -3.49847 0.501851 2.03794 -4.49691 0.498361 
1.96356 -3.49951 0.50182 2.01938 -4.49795 0.498329 1.94502 -3.50055 0.502479 
2.00084 -4.49899 0.498988 1.92651 -3.50159 0.503828 1.98233 -4.50003 0.500338 
1.90806 -3.50263 0.505866 1.96388 -4.50106 0.502375 1.8897 -3.50366 0.508588 
1.94552 -4.5021 0.505098 1.87146 -3.5047 0.511993 1.92728 -4.50313 0.508502 
1.85335 -3.50572 0.516074 1.90917 -4.50416 0.512584 1.83541 -3.50674 0.520827 
1.89123 -4.50518 0.517336 1.81766 -3.50775 0.526244 1.87348 -4.50619 0.522753 
1.80012 -3.50876 0.532318 1.85594 -4.50719 0.528828 1.78282 -3.50975 0.539041 
1.83864 -4.50818 0.535551 1.76578 -3.51073 0.546404 1.8216 -4.50916 0.542913 
1.74902 -3.51169 0.554396 1.80484 -4.51012 0.550905 1.73257 -3.51264 0.563006 
1.7884 -4.51107 0.559516 1.71646 -3.51357 0.572223 1.77228 -4.51201 0.568732 
1.7007 -3.51449 0.582033 1.75652 -4.51292 0.578543 1.68531 -3.51539 0.592424 
1.74113 -4.51382 0.588933 1.67032 -3.51626 0.60338 1.72614 -4.5147 0.599889 
1.65575 -3.51712 0.614886 1.71157 -4.51555 0.611396 1.64161 -3.51795 0.626928 
1.69743 -4.51638 0.623437 1.62793 -3.51876 0.639487 1.68375 -4.51719 0.635997 
1.61473 -3.51954 0.652547 1.67055 -4.51798 0.649057 1.60202 -3.5203 0.66609 
1.65784 -4.51873 0.662599 1.58982 -3.52103 0.680096 1.64564 -4.51946 0.676606 
1.57815 -3.52173 0.694548 1.63397 -4.52017 0.691057 1.56702 -3.52241 0.709423 
1.62284 -4.52084 0.705933 1.55646 -3.52305 0.724703 1.61228 -4.52149 0.721212 
1.54646 -3.52366 0.740366 1.60229 -4.5221 0.736875 1.53706 -3.52425 0.756389 
1.59288 -4.52268 0.752899 1.52826 -3.5248 0.772752 1.58408 -4.52323 0.769262 
1.52007 -3.52531 0.789432 1.57589 -4.52375 0.785941 1.51251 -3.52579 0.806405 
1.56833 -4.52423 0.802914 1.50558 -3.52624 0.823648 1.5614 -4.52468 0.820157 
1.49929 -3.52665 0.841137 1.55512 -4.52509 0.837646 1.49366 -3.52703 0.858848 
1.54948 -4.52547 0.855357 1.48869 -3.52737 0.876756 1.54452 -4.52581 0.873265 
1.48439 -3.52768 0.894837 1.54021 -4.52611 0.891347 1.48077 -3.52794 0.913066 
1.53659 -4.52638 0.909576 1.47782 -3.52817 0.931418 1.53364 -4.52661 0.927927 
1.47555 -3.52836 0.949867 1.53137 -4.5268 0.946376 1.47397 -3.52851 0.968387 
1.5298 -4.52695 0.964896 1.47308 -3.52863 0.986954 1.52891 -4.52706 0.983463 
1.47288 -3.52871 1.00554 1.52871 -4.52714 1.00205 1.47337 -3.52874 1.02412 
1.52919 -4.52718 1.02063 1.47455 -3.52874 1.04267 1.53037 -4.52718 1.03918 
1.47642 -3.5287 1.06117 1.53224 -4.52714 1.05768 1.47897 -3.52862 1.07958 
1.53479 -4.52706 1.07609 1.4822 -3.52851 1.09788 1.53802 -4.52694 1.09439 
1.48611 -3.52835 1.11606 1.54193 -4.52679 1.11257 1.49069 -3.52816 1.13407 
1.54652 -4.52659 1.13058 1.49594 -3.52793 1.1519 1.55176 -4.52636 1.14841 
1.50185 -3.52766 1.16952 1.55767 -4.52609 1.16603 1.5084 -3.52735 1.18692 
1.56422 -4.52579 1.18342 1.5156 -3.52701 1.20405 1.57142 -4.52545 1.20056 
1.52342 -3.52663 1.22091 1.57925 -4.52507 1.21742 1.53187 -3.52622 1.23746 
1.58769 -4.52465 1.23397 1.54093 -3.52577 1.25369 1.59675 -4.5242 1.2502 
1.55058 -3.52529 1.26957 1.6064 -4.52372 1.26607 1.56081 -3.52477 1.28507 
1.61663 -4.5232 1.28158 1.57161 -3.52422 1.30019 1.62743 -4.52265 1.2967 
1.58297 -3.52363 1.3149 1.63879 -4.52207 1.31141 1.59486 -3.52302 1.32917 
1.65068 -4.52145 1.32568 1.60728 -3.52237 1.34299 1.6631 -4.52081 1.3395 
1.6202 -3.5217 1.35634 1.67602 -4.52013 1.35284 1.6336 -3.52099 1.36919 
1.68942 -4.51943 1.3657 1.64748 -3.52026 1.38154 1.7033 -4.51869 1.37805 
1.6618 -3.5195 1.39337 1.71762 -4.51793 1.38988 1.67655 -3.51871 1.40465 
1.73237 -4.51715 1.40116 1.69171 -3.5179 1.41538 1.74753 -4.51634 1.41189 
1.70725 -3.51707 1.42553 1.76308 -4.51551 1.42204 1.72317 -3.51621 1.4351 
1.77899 -4.51465 1.43161 1.73942 -3.51534 1.44407 1.79524 -4.51377 1.44058 
1.756 -3.51444 1.45243 1.81182 -4.51287 1.44894 1.77288 -3.51352 1.46017 
1.8287 -4.51196 1.45668 1.79003 -3.51259 1.46727 1.84585 -4.51102 1.46378 
1.80743 -3.51164 1.47373 1.86326 -4.51007 1.47024 1.82507 -3.51067 1.47954 
1.88089 -4.50911 1.47605 1.8429 -3.50969 1.48469 1.89872 -4.50813 1.48119 
1.86091 -3.5087 1.48916 1.91674 -4.50714 1.48567 1.87908 -3.5077 1.49297 
1.9349 -4.50613 1.48948 1.89738 -3.50669 1.4961 1.9532 -4.50512 1.49261 
1.91578 -3.50567 1.49854 1.9716 -4.5041 1.49505 1.93425 -3.50464 1.5003 
1.99007 -4.50308 1.49681 1.95278 -3.50361 1.50136 2.0086 -4.50204 1.49787 
1.97134 -3.50257 1.50174 2.02716 -4.50101 1.49825 1.98989 -3.50153 1.50143 
2.04571 -4.49997 1.49794 2.00842 -3.50049 1.50042 2.06425 -4.49893 1.49693 
2.02691 -3.49946 1.49873 2.08273 -4.49789 1.49524 2.04531 -3.49842 1.49635 
2.10113 -4.49685 1.49286 2.06362 -3.49738 1.49328 2.11944 -4.49582 1.48979 
2.0818 -3.49635 1.48954 2.13762 -4.49479 1.48605 2.09982 -3.49533 1.48512 
2.15564 -4.49377 1.48163 2.11767 -3.49432 1.48004 2.17349 -4.49275 1.47655 
2.13532 -3.49331 1.47429 2.19114 -4.49174 1.4708 2.15274 -3.49231 1.46789 
2.20857 -4.49075 1.4644 2.16992 -3.49133 1.46085 2.22574 -4.48976 1.45736 
2.18682 -3.49036 1.45317 2.24264 -4.48879 1.44968 2.20342 -3.4894 1.44487 
2.25924 -4.48783 1.44138 2.21971 -3.48846 1.43595 2.27553 -4.48689 1.43246 
2.23565 -3.48753 1.42644 2.29147 -4.48597 1.42295 2.25122 -3.48663 1.41633 
2.30704 -4.48506 1.41284 2.26642 -3.48574 1.40566 2.32224 -4.48417 1.40217 
2.2812 -3.48487 1.39443 2.33702 -4.48331 1.39093 2.29556 -3.48403 1.38265 
2.35138 -4.48246 1.37916 2.30947 -3.48321 1.37035 2.36529 -4.48164 1.36686 
2.32291 -3.48241 1.35753 2.37873 -4.48085 1.35404 2.33587 -3.48164 1.34423 
2.39169 -4.48008 1.34074 2.34833 -3.4809 1.33045 2.40415 -4.47933 1.32696 
2.36026 -3.48018 1.31622 2.41609 -4.47861 1.31273 2.37166 -3.47949 1.30156 
2.42748 -4.47793 1.29807 2.38251 -3.47883 1.28648 2.43833 -4.47727 1.28299 
2.39279 -3.4782 1.271 2.44861 -4.47664 1.26751 2.40249 -3.47761 1.25516 
2.45831 -4.47604 1.25167 2.41159 -3.47704 1.23896 2.46742 -4.47547 1.23547 
2.42009 -3.47651 1.22244 2.47591 -4.47494 1.21895 2.42797 -3.47601 1.20561 
2.48379 -4.47444 1.20212 2.43522 -3.47554 1.1885 2.49104 -4.47398 1.18501 
2.44182 -3.47511 1.17113 2.49765 -4.47355 1.16764 2.44778 -3.47472 1.15352 
2.5036 -4.47315 1.15003 2.45308 -3.47436 1.13571 2.5089 -4.47279 1.13222 
2.45772 -3.47404 1.11771 2.51354 -4.47247 1.11422 2.46168 -3.47375 1.09956 
2.5175 -4.47219 1.09607 2.46497 -3.4735 1.08126 2.52079 -4.47194 1.07777 
2.46758 -3.47329 1.06286 2.5234 -4.47173 1.05937 2.4695 -3.47312 1.04437 
2.52532 -4.47156 1.04088 2.47074 -3.47299 1.02582 2.52656 -4.47142 1.02233 
2.47128 -3.47289 1.00724 2.5271 -4.47133 1.00375 2.47114 -3.47284 0.988657 
2.4703 -3.47282 0.970087 2.46878 -3.47284 0.951562 2.46657 -3.4729 0.933105 
2.46368 -3.47299 0.914744 2.46011 -3.47313 0.896502 2.45586 -3.4733 0.878407 
2.45094 -3.47352 0.860481 2.44537 -3.47377 0.842751 2.43914 -3.47405 0.825241 
2.43226 -3.47438 0.807974 2.42475 -3.47474 0.790976 2.41661 -3.47513 0.774269 
2.40786 -3.47557 0.757876 2.3985 -3.47603 0.74182 2.38856 -3.47653 0.726123 
2.37804 -3.47707 0.710807 2.36696 -3.47764 0.695894 2.35533 -3.47824 0.681403 
2.34317 -3.47887 0.667355 2.3305 -3.47953 0.653769 2.31734 -3.48022 0.640664 
2.3037 -3.48094 0.628058 2.2896 -3.48168 0.615968 2.27506 -3.48246 0.604412 
2.2601 -3.48325 0.593405 2.24475 -3.48407 0.582962 2.22901 -3.48492 0.573098 
2.21293 -3.48579 0.563826 2.19651 -3.48667 0.55516 2.17977 -3.48758 0.547111 
2.16276 -3.48851 0.53969 2.14548 -3.48945 0.532908 2.12796 -3.49041 0.526773 
2.11022 -3.49138 0.521296 2.09229 -3.49237 0.516482 2.0742 -3.49336 0.512339 
2.05596 -3.49437 0.508872 2.03761 -3.49539 0.506087 2.01917 -3.49641 0.503986 
2.00067 -3.49744 0.502574 1.98212 -3.49847 0.501851 1.96356 -3.49951 0.50182 
1.94502 -3.50055 0.502479 1.92651 -3.50159 0.503828 1.90806 -3.50263 0.505866 
1.8897 -3.50366 0.508588 1.87146 -3.5047 0.511993 1.85335 -3.50572 0.516074 
1.83541 -3.50674 0.520827 1.81766 -3.50775 0.526244 1.80012 -3.50876 0.532318 
1.78282 -3.50975 0.539041 1.76578 -3.51073 0.546404 1.74902 -3.51169 0.554396 
1.73257 -3.51264 0.563006 1.71646 -3.51357 0.572223 1.7007 -3.51449 0.582033 
1.68531 -3.51539 0.592424 1.67032 -3.51626 0.60338 1.65575 -3.51712 0.614886 
1.64161 -3.51795 0.626928 1.62793 -3.51876 0.639487 1.61473 -3.51954 0.652547 
1.60202 -3.5203 0.66609 1.58982 -3.52103 0.680096 1.57815 -3.52173 0.694548 
1.56702 -3.52241 0.709423 1.55646 -3.52305 0.724703 1.54646 -3.52366 0.740366 
1.53706 -3.52425 0.756389 1.52826 -3.5248 0.772752 1.52007 -3.52531 0.789432 
1.51251 -3.52579 0.806405 1.50558 -3.52624 0.823648 1.49929 -3.52665 0.841137 
1.49366 -3.52703 0.858848 1.48869 -3.52737 0.876756 1.48439 -3.52768 0.894837 
1.48077 -3.52794 0.913066 1.47782 -3.52817 0.931418 1.47555 -3.52836 0.949867 
1.47397 -3.52851 0.968387 1.47308 -3.52863 0.986954 1.47288 -3.52871 1.00554 
1.47337 -3.52874 1.02412 1.47455 -3.52874 1.04267 1.47642 -3.5287 1.06117 
1.47897 -3.52862 1.07958 1.4822 -3.52851 1.09788 1.48611 -3.52835 1.11606 
1.49069 -3.52816 1.13407 1.49594 -3.52793 1.1519 1.50185 -3.52766 1.16952 
1.5084 -3.52735 1.18692 1.5156 -3.52701 1.20405 1.52342 -3.52663 1.22091 
1.53187 -3.52622 1.23746 1.54093 -3.52577 1.25369 1.55058 -3.52529 1.26957 
1.56081 -3.52477 1.28507 1.57161 -3.52422 1.30019 1.58297 -3.52363 1.3149 
1.59486 -3.52302 1.32917 1.60728 -3.52237 1.34299 1.6202 -3.5217 1.35634 
1.6336 -3.52099 1.36919 1.64748 -3.52026 1.38154 1.6618 -3.5195 1.39337 
1.67655 -3.51871 1.40465 1.69171 -3.5179 1.41538 1.70725 -3.51707 1.42553 
1.72317 -3.51621 1.4351 1.73942 -3.51534 1.44407 1.756 -3.51444 1.45243 
1.77288 -3.51352 1.46017 1.79003 -3.51259 1.46727 1.80743 -3.51164 1.47373 
1.82507 -3.51067 1.47954 1.8429 -3.50969 1.48469 1.86091 -3.5087 1.48916 
1.87908 -3.5077 1.49297 1.89738 -3.50669 1.4961 1.91578 -3.50567 1.49854 
1.93425 -3.50464 1.5003 1.95278 -3.50361 1.50136 1.97134 -3.50257 1.50174 
1.98989 -3.50153 1.50143 2.00842 -3.50049 1.50042 2.02691 -3.49946 1.49873 
2.04531 -3.49842 1.49635 2.06362 -3.49738 1.49328 2.0818 -3.49635 1.48954 
2.09982 -3.49533 1.48512 2.11767 -3.49432 1.48004 2.13532 -3.49331 1.47429 
2.15274 -3.49231 1.46789 2.16992 -3.49133 1.46085 2.18682 -3.49036 1.45317 
2.20342 -3.4894 1.44487 2.21971 -3.48846 1.43595 2.23565 -3.48753 1.42644 
2.25122 -3.48663 1.41633 2.26642 -3.48574 1.40566 2.2812 -3.48487 1.39443 
2.29556 -3.48403 1.38265 2.30947 -3.48321 1.37035 2.32291 -3.48241 1.35753 
2.33587 -3.48164 1.34423 2.34833 -3.4809 1.33045 2.36026 -3.48018 1.31622 
2.37166 -3.47949 1.30156 2.38251 -3.47883 1.28648 2.39279 -3.4782 1.271 
2.40249 -3.47761 1.25516 2.41159 -3.47704 1.23896 2.42009 -3.47651 1.22244 
2.42797 -3.47601 1.20561 2.43522 -3.47554 1.1885 2.44182 -3.47511 1.17113 
2.44778 -3.47472 1.15352 2.45308 -3.47436 1.13571 2.45772 -3.47404 1.11771 
2.46168 -3.47375 1.09956 2.46497 -3.4735 1.08126 2.46758 -3.47329 1.06286 
2.4695 -3.47312 1.04437 2.47074 -3.47299 1.02582 2.47128 -3.47289 1.00724 
2.5271 -4.47133 1.00375 2.52656 -4.47142 1.02233 2.52532 -4.47156 1.04088 
2.5234 -4.47173 1.05937 2.52079 -4.47194 1.07777 2.5175 -4.47219 1.09607 
2.51354 -4.47247 1.11422 2.5089 -4.47279 1.13222 2.5036 -4.47315 1.15003 
2.49765 -4.47355 1.16764 2.49104 -4.47398 1.18501 2.48379 -4.47444 1.20212 
2.47591 -4.47494 1.21895 2.46742 -4.47547 1.23547 2.45831 -4.47604 1.25167 
2.44861 -4.47664 1.26751 2.43833 -4.47727 1.28299 2.42748 -4.47793 1.29807 
2.41609 -4.47861 1.31273 2.40415 -4.47933 1.32696 2.39169 -4.48008 1.34074 
2.37873 -4.48085 1.35404 2.36529 -4.48164 1.36686 2.35138 -4.48246 1.37916 
2.33702 -4.48331 1.39093 2.32224 -4.48417 1.40217 2.30704 -4.48506 1.41284 
2.29147 -4.48597 1.42295 2.27553 -4.48689 1.43246 2.25924 -4.48783 1.44138 
2.24264 -4.48879 1.44968 2.22574 -4.48976 1.45736 2.20857 -4.49075 1.4644 
2.19114 -4.49174 1.4708 2.17349 -4.49275 1.47655 2.15564 -4.49377 1.48163 
2.13762 -4.49479 1.48605 2.11944 -4.49582 1.48979 2.10113 -4.49685 1.49286 
2.08273 -4.49789 1.49524 2.06425 -4.49893 1.49693 2.04571 -4.49997 1.49794 
2.02716 -4.50101 1.49825 2.0086 -4.50204 1.49787 1.99007 -4.50308 1.49681 
1.9716 -4.5041 1.49505 1.9532 -4.50512 1.49261 1.9349 -4.50613 1.48948 
1.91674 -4.50714 1.48567 1.89872 -4.50813 1.48119 1.88089 -4.50911 1.47605 
1.86326 -4.51007 1.47024 1.84585 -4.51102 1.46378 1.8287 -4.51196 1.45668 
1.81182 -4.51287 1.44894 1.79524 -4.51377 1.44058 1.77899 -4.51465 1.43161 
1.76308 -4.51551 1.42204 1.74753 -4.51634 1.41189 1.73237 -4.51715 1.40116 
1.71762 -4.51793 1.38988 1.7033 -4.51869 1.37805 1.68942 -4.51943 1.3657 
1.67602 -4.52013 1.35284 1.6631 -4.52081 1.3395 1.65068 -4.52145 1.32568 
1.63879 -4.52207 1.31141 1.62743 -4.52265 1.2967 1.61663 -4.5232 1.28158 
1.6064 -4.52372 1.26607 1.59675 -4.5242 1.2502 1.58769 -4.52465 1.23397 
1.57925 -4.52507 1.21742 1.57142 -4.52545 1.20056 1.56422 -4.52579 1.18342 
1.55767 -4.52609 1.16603 1.55176 -4.52636 1.14841 1.54652 -4.52659 1.13058 
1.54193 -4.52679 1.11257 1.53802 -4.52694 1.09439 1.53479 -4.52706 1.07609 
1.53224 -4.52714 1.05768 1.53037 -4.52718 1.03918 1.52919 -4.52718 1.02063 
1.52871 -4.52714 1.00205 1.52891 -4.52706 0.983463 1.5298 -4.52695 0.964896 
1.53137 -4.5268 0.946376 1.53364 -4.52661 0.927927 1.53659 -4.52638 0.909576 
1.54021 -4.52611 0.891347 1.54452 -4.52581 0.873265 1.54948 -4.52547 0.855357 
1.55512 -4.52509 0.837646 1.5614 -4.52468 0.820157 1.56833 -4.52423 0.802914 
1.57589 -4.52375 0.785941 1.58408 -4.52323 0.769262 1.59288 -4.52268 0.752899 
1.60229 -4.5221 0.736875 1.61228 -4.52149 0.721212 1.62284 -4.52084 0.705933 
1.63397 -4.52017 0.691057 1.64564 -4.51946 0.676606 1.65784 -4.51873 0.662599 
1.67055 -4.51798 0.649057 1.68375 -4.51719 0.635997 1.69743 -4.51638 0.623437 
1.71157 -4.51555 0.611396 1.72614 -4.5147 0.599889 1.74113 -4.51382 0.588933 
1.75652 -4.51292 0.578543 1.77228 -4.51201 0.568732 1.7884 -4.51107 0.559516 
1.80484 -4.51012 0.550905 1.8216 -4.50916 0.542913 1.83864 -4.50818 0.535551 
1.85594 -4.50719 0.528828 1.87348 -4.50619 0.522753 1.89123 -4.50518 0.517336 
1.90917 -4.50416 0.512584 1.92728 -4.50313 0.508502 1.94552 -4.5021 0.505098 
1.96388 -4.50106 0.502375 1.98233 -4.50003 0.500338 2.00084 -4.49899 0.498988 
2.01938 -4.49795 0.498329 2.03794 -4.49691 0.498361 2.05649 -4.49587 0.499083 
2.07499 -4.49484 0.500496 2.09344 -4.49382 0.502596 2.11179 -4.49281 0.505382 
2.13002 -4.4918 0.508848 2.14811 -4.4908 0.512991 2.16604 -4.48981 0.517805 
2.18378 -4.48884 0.523283 2.2013 -4.48788 0.529417 2.21858 -4.48694 0.536199 
2.2356 -4.48602 0.54362 2.25233 -4.48511 0.551669 2.26875 -4.48422 0.560336 
2.28483 -4.48335 0.569607 2.30057 -4.48251 0.579471 2.31592 -4.48169 0.589914 
2.33088 -4.48089 0.600921 2.34542 -4.48012 0.612478 2.35952 -4.47937 0.624567 
2.37316 -4.47865 0.637173 2.38632 -4.47796 0.650278 2.39899 -4.4773 0.663864 
2.41115 -4.47667 0.677912 2.42278 -4.47607 0.692403 2.43386 -4.4755 0.707317 
2.44438 -4.47497 0.722632 2.45432 -4.47447 0.738329 2.46368 -4.474 0.754385 
2.47243 -4.47357 0.770778 2.48057 -4.47317 0.787485 2.48808 -4.47281 0.804484 
2.49496 -4.47249 0.82175 2.50119 -4.4722 0.839261 2.50676 -4.47195 0.856991 
2.51168 -4.47174 0.874916 2.51593 -4.47157 0.893012 2.5195 -4.47143 0.911253 
2.52239 -4.47133 0.929615 2.5246 -4.47127 0.948071 2.52612 -4.47125 0.966597 
2.52696 -4.47127 0.985166 
4 0 1 3 2 
4 2 3 5 4 
4 4 5 7 6 
4 6 7 9 8 
4 8 9 11 10 
4 10 11 13 12 
4 12 13 15 14 
4 14 15 17 16 
4 16 17 19 18 
4 18 19 21 20 
4 20 21 23 22 
4 22 23 25 24 
4 24 25 27 26 
4 26 27 29 28 
4 28 29 31 30 
4 30 31 33 32 
4 32 33 35 34 
4 34 35 37 36 
4 36 37 39 38 
4 38 39 41 40 
4 40 41 43 42 
4 42 43 45 44 
4 44 45 47 46 
4 46 47 49 48 
4 48 49 51 50 
4 50 51 53 52 
4 52 53 55 54 
4 54 55 57 56 
4 56 57 59 58 
4 58 59 61 60 
4 60 61 63 62 
4 62 63 65 64 
4 64 65 67 66 
4 66 67 69 68 
4 68 69 71 70 
4 70 71 73 72 
4 72 73 75 74 
4 74 75 77 76 
4 76 77 79 78 
4 78 79 81 80 
4 80 81 83 82 
4 82 83 85 84 
4 84 85 87 86 
4 86 87 89 88 
4 88 89 91 90 
4 90 91 93 92 
4 92 93 95 94 
4 94 95 97 96 
4 96 97 99 98 
4 98 99 101 100 
4 100 101 103 102 
4 102 103 105 104 
4 104 105 107 106 
4 106 107 109 108 
4 108 109 111 110 
4 110 111 113 112 
4 112 113 115 114 
4 114 115 117 116 
4 116 117 119 118 
4 118 119 121 120 
4 120 121 123 122 
4 122 123 125 124 
4 124 125 127 126 
4 126 127 129 128 
4 128 129 131 130 
4 130 131 133 132 
4 132 133 135 134 
4 134 135 137 136 
4 136 137 139 138 
4 138 139 141 140 
4 140 141 143 142 
4 142 143 145 144 
4 144 145 147 146 
4 146 147 149 148 
4 148 149 151 150 
4 150 151 153 152 
4 152 153 155 154 
4 154 155 157 156 
4 156 157 159 158 
4 158 159 161 160 
4 160 161 163 162 
4 162 163 165 164 
4 164 165 167 166 
4 166 167 169 168 
4 168 169 171 170 
4 170 171 173 172 
4 172 173 175 174 
4 174 175 177 176 
4 176 177 179 178 
4 178 179 181 180 
4 180 181 183 182 
4 182 183 185 184 
4 184 185 187 186 
4 186 187 189 188 
4 188 189 191 190 
4 190 191 193 192 
4 192 193 195 194 
4 194 195 197 196 
4 196 197 199 198 
4 198 199 201 200 
4 200 201 203 202 
4 202 203 205 204 
4 204 205 207 206 
4 206 207 209 208 
4 208 209 211 210 
4 210 211 213 212 
4 212 213 215 214 
4 214 215 217 216 
4 216 217 219 218 
4 218 219 221 220 
4 220 221 223 222 
4 222 223 225 224 
4 224 225 227 226 
4 226 227 229 228 
4 228 229 231 230 
4 230 231 233 232 
4 232 233 235 234 
4 234 235 237 236 
4 236 237 239 238 
4 238 239 241 240 
4 240 241 243 242 
4 242 243 245 244 
4 244 245 247 246 
4 246 247 249 248 
4 248 249 251 250 
4 250 251 253 252 
4 252 253 255 254 
4 254 255 257 256 
4 256 257 259 258 
4 258 259 261 260 
4 260 261 263 262 
4 262 263 265 264 
4 264 265 267 266 
4 266 267 269 268 
4 268 269 271 270 
4 270 271 273 272 
4 272 273 275 274 
4 274 275 277 276 
4 276 277 279 278 
4 278 279 281 280 
4 280 281 283 282 
4 282 283 285 284 
4 284 285 287 286 
4 286 287 289 288 
4 288 289 291 290 
4 290 291 293 292 
4 292 293 295 294 
4 294 295 297 296 
4 296 297 299 298 
4 298 299 301 300 
4 300 301 303 302 
4 302 303 305 304 
4 304 305 307 306 
4 306 307 309 308 
4 308 309 311 310 
4 310 311 313 312 
4 312 313 315 314 
4 314 315 317 316 
4 316 317 319 318 
4 318 319 321 320 
4 320 321 323 322 
4 322 323 325 324 
4 324 325 327 326 
4 326 327 329 328 
4 328 329 331 330 
4 330 331 333 332 
4 332 333 335 334 
4 334 335 337 336 
4 336 337 1 0 
169 338 339 340 341 342 343 344 345 346 347 348 349 350 351 352 353 354 355 356 357 358 359 360 361 362 363 364 365 366 367 368 369 370 371 372 373 374 375 376 377 378 379 380 381 382 383 384 385 386 387 388 389 390 391 392 393 394 395 396 397 398 399 400 401 402 403 404 405 406 407 408 409 410 411 412 413 414 415 416 417 418 419 420 421 422 423 424 425 426 427 428 429 430 431 432 433 434 435 436 437 438 439 440 441 442 443 444 445 446 447 448 449 450 451 452 453 454 455 456 457 458 459 460 461 462 463 464 465 466 467 468 469 470 471 472 473 474 475 476 477 478 479 480 481 482 483 484 485 486 487 488 489 490 491 492 493 494 495 496 497 498 499 500 501 502 503 504 505 506 
169 507 508 509 510 511 512 513 514 515 516 517 518 519 520 521 522 523 524 525 526 527 528 529 530 531 532 533 534 535 536 537 538 539 540 541 542 543 544 545 546 547 548 549 550 551 552 553 554 555 556 557 558 559 560 561 562 563 564 565 566 567 568 569 570 571 572 573 574 575 576 577 578 579 580 581 582 583 584 585 586 587 588 589 590 591 592 593 594 595 596 597 598 599 600 601 602 603 604 605 606 607 608 609 610 611 612 613 614 615 616 617 618 619 620 621 622 623 624 625 626 627 628 629 630 631 632 633 634 635 636 637 638 639 640 641 642 643 644 645 646 647 648 649 650 651 652 653 654 655 656 657 658 659 660 661 662 663 664 665 666 667 668 669 670 671 672 673 674 675 
-1
