Mesh_4
480
0 0 -0.250019 -0.095678 0 -0.230987 -0.17679 0 -0.17679 
-0.17679 0 -0.17679 -0.230987 0 -0.095678 -0.250019 0 1.53092e-17 
-0.250019 0 1.53092e-17 -0.230987 0 0.095678 -0.17679 0 0.17679 
-0.17679 0 0.17679 -0.095678 0 0.230987 0 0 0.250019 
0 0 0.250019 0.095678 0 0.230987 0.17679 0 0.17679 
0.17679 0 0.17679 0.230987 0 0.095678 0.250019 0 1.53092e-17 
0.250019 0 1.53092e-17 0.230987 0 -0.095678 0.17679 0 -0.17679 
0.17679 0 -0.17679 0.095678 0 -0.230987 0 0 -0.250019 
0 -0.0478318 -0.259533 -0.099319 -0.0478318 -0.239777 -0.183518 -0.0478318 -0.183518 
-0.183518 -0.0478318 -0.183518 -0.239777 -0.0478318 -0.099319 -0.259533 -0.0478318 1.58918e-17 
-0.259533 -0.0478318 1.58918e-17 -0.239777 -0.0478318 0.099319 -0.183518 -0.0478318 0.183518 
-0.183518 -0.0478318 0.183518 -0.099319 -0.0478318 0.239777 0 -0.0478318 0.259533 
0 -0.0478318 0.259533 0.099319 -0.0478318 0.239777 0.183518 -0.0478318 0.183518 
0.183518 -0.0478318 0.183518 0.239777 -0.0478318 0.099319 0.259533 -0.0478318 1.58918e-17 
0.259533 -0.0478318 1.58918e-17 0.239777 -0.0478318 -0.099319 0.183518 -0.0478318 -0.183518 
0.183518 -0.0478318 -0.183518 0.099319 -0.0478318 -0.239777 0 -0.0478318 -0.259533 
0 -0.0883817 -0.286628 -0.109688 -0.0883817 -0.264809 -0.202676 -0.0883817 -0.202676 
-0.202676 -0.0883817 -0.202676 -0.264809 -0.0883817 -0.109688 -0.286628 -0.0883817 1.75509e-17 
-0.286628 -0.0883817 1.75509e-17 -0.264809 -0.0883817 0.109688 -0.202676 -0.0883817 0.202676 
-0.202676 -0.0883817 0.202676 -0.109688 -0.0883817 0.264809 0 -0.0883817 0.286628 
0 -0.0883817 0.286628 0.109688 -0.0883817 0.264809 0.202676 -0.0883817 0.202676 
0.202676 -0.0883817 0.202676 0.264809 -0.0883817 0.109688 0.286628 -0.0883817 1.75509e-17 
0.286628 -0.0883817 1.75509e-17 0.264809 -0.0883817 -0.109688 0.202676 -0.0883817 -0.202676 
0.202676 -0.0883817 -0.202676 0.109688 -0.0883817 -0.264809 0 -0.0883817 -0.286628 
0 -0.115476 -0.327178 -0.125205 -0.115476 -0.302273 -0.231349 -0.115476 -0.231349 
-0.231349 -0.115476 -0.231349 -0.302273 -0.115476 -0.125205 -0.327178 -0.115476 2.00338e-17 
-0.327178 -0.115476 2.00338e-17 -0.302273 -0.115476 0.125205 -0.231349 -0.115476 0.231349 
-0.231349 -0.115476 0.231349 -0.125205 -0.115476 0.302273 0 -0.115476 0.327178 
0 -0.115476 0.327178 0.125205 -0.115476 0.302273 0.231349 -0.115476 0.231349 
0.231349 -0.115476 0.231349 0.302273 -0.115476 0.125205 0.327178 -0.115476 2.00338e-17 
0.327178 -0.115476 2.00338e-17 0.302273 -0.115476 -0.125205 0.231349 -0.115476 -0.231349 
0.231349 -0.115476 -0.231349 0.125205 -0.115476 -0.302273 0 -0.115476 -0.327178 
0 -0.124991 -0.375009 -0.14351 -0.124991 -0.346463 -0.265172 -0.124991 -0.265172 
-0.265172 -0.124991 -0.265172 -0.346463 -0.124991 -0.14351 -0.375009 -0.124991 2.29627e-17 
-0.375009 -0.124991 2.29627e-17 -0.346463 -0.124991 0.14351 -0.265172 -0.124991 0.265172 
-0.265172 -0.124991 0.265172 -0.14351 -0.124991 0.346463 0 -0.124991 0.375009 
0 -0.124991 0.375009 0.14351 -0.124991 0.346463 0.265172 -0.124991 0.265172 
0.265172 -0.124991 0.265172 0.346463 -0.124991 0.14351 0.375009 -0.124991 2.29627e-17 
0.375009 -0.124991 2.29627e-17 0.346463 -0.124991 -0.14351 0.265172 -0.124991 -0.265172 
0.265172 -0.124991 -0.265172 0.14351 -0.124991 -0.346463 0 -0.124991 -0.375009 
0 -0.124991 -0.375009 -0.14351 -0.124991 -0.346463 -0.265172 -0.124991 -0.265172 
-0.265172 -0.124991 -0.265172 -0.346463 -0.124991 -0.14351 -0.375009 -0.124991 2.29627e-17 
-0.375009 -0.124991 2.29627e-17 -0.346463 -0.124991 0.14351 -0.265172 -0.124991 0.265172 
-0.265172 -0.124991 0.265172 -0.14351 -0.124991 0.346463 0 -0.124991 0.375009 
0 -0.124991 0.375009 0.14351 -0.124991 0.346463 0.265172 -0.124991 0.265172 
0.265172 -0.124991 0.265172 0.346463 -0.124991 0.14351 0.375009 -0.124991 2.29627e-17 
0.375009 -0.124991 2.29627e-17 0.346463 -0.124991 -0.14351 0.265172 -0.124991 -0.265172 
0.265172 -0.124991 -0.265172 0.14351 -0.124991 -0.346463 0 -0.124991 -0.375009 
0 -0.115476 -0.422841 -0.161814 -0.115476 -0.390654 -0.298994 -0.115476 -0.298994 
-0.298994 -0.115476 -0.298994 -0.390654 -0.115476 -0.161814 -0.422841 -0.115476 2.58916e-17 
-0.422841 -0.115476 2.58916e-17 -0.390654 -0.115476 0.161814 -0.298994 -0.115476 0.298994 
-0.298994 -0.115476 0.298994 -0.161814 -0.115476 0.390654 0 -0.115476 0.422841 
0 -0.115476 0.422841 0.161814 -0.115476 0.390654 0.298994 -0.115476 0.298994 
0.298994 -0.115476 0.298994 0.390654 -0.115476 0.161814 0.422841 -0.115476 2.58916e-17 
0.422841 -0.115476 2.58916e-17 0.390654 -0.115476 -0.161814 0.298994 -0.115476 -0.298994 
0.298994 -0.115476 -0.298994 0.161814 -0.115476 -0.390654 0 -0.115476 -0.422841 
0 -0.0883817 -0.463391 -0.177332 -0.0883817 -0.428118 -0.327667 -0.0883817 -0.327667 
-0.327667 -0.0883817 -0.327667 -0.428118 -0.0883817 -0.177332 -0.463391 -0.0883817 2.83745e-17 
-0.463391 -0.0883817 2.83745e-17 -0.428118 -0.0883817 0.177332 -0.327667 -0.0883817 0.327667 
-0.327667 -0.0883817 0.327667 -0.177332 -0.0883817 0.428118 0 -0.0883817 0.463391 
0 -0.0883817 0.463391 0.177332 -0.0883817 0.428118 0.327667 -0.0883817 0.327667 
0.327667 -0.0883817 0.327667 0.428118 -0.0883817 0.177332 0.463391 -0.0883817 2.83745e-17 
0.463391 -0.0883817 2.83745e-17 0.428118 -0.0883817 -0.177332 0.327667 -0.0883817 -0.327667 
0.327667 -0.0883817 -0.327667 0.177332 -0.0883817 -0.428118 0 -0.0883817 -0.463391 
0 -0.0478318 -0.490486 -0.187701 -0.0478318 -0.45315 -0.346826 -0.0478318 -0.346826 
-0.346826 -0.0478318 -0.346826 -0.45315 -0.0478318 -0.187701 -0.490486 -0.0478318 3.00336e-17 
-0.490486 -0.0478318 3.00336e-17 -0.45315 -0.0478318 0.187701 -0.346826 -0.0478318 0.346826 
-0.346826 -0.0478318 0.346826 -0.187701 -0.0478318 0.45315 0 -0.0478318 0.490486 
0 -0.0478318 0.490486 0.187701 -0.0478318 0.45315 0.346826 -0.0478318 0.346826 
0.346826 -0.0478318 0.346826 0.45315 -0.0478318 0.187701 0.490486 -0.0478318 3.00336e-17 
0.490486 -0.0478318 3.00336e-17 0.45315 -0.0478318 -0.187701 0.346826 -0.0478318 -0.346826 
0.346826 -0.0478318 -0.346826 0.187701 -0.0478318 -0.45315 0 -0.0478318 -0.490486 
0 0 -0.5 -0.191342 0 -0.46194 -0.353553 0 -0.353553 
-0.353553 0 -0.353553 -0.46194 0 -0.191342 -0.5 0 3.06162e-17 
-0.5 0 3.06162e-17 -0.46194 0 0.191342 -0.353553 0 0.353553 
-0.353553 0 0.353553 -0.191342 0 0.46194 0 0 0.5 
0 0 0.5 0.191342 0 0.46194 0.353553 0 0.353553 
0.353553 0 0.353553 0.46194 0 0.191342 0.5 0 3.06162e-17 
0.5 0 3.06162e-17 0.46194 0 -0.191342 0.353553 0 -0.353553 
0.353553 0 -0.353553 0.191342 0 -0.46194 0 0 -0.5 
0 0 -0.5 -0.191342 0 -0.46194 -0.353553 0 -0.353553 
-0.353553 0 -0.353553 -0.46194 0 -0.191342 -0.5 0 3.06162e-17 
-0.5 0 3.06162e-17 -0.46194 0 0.191342 -0.353553 0 0.353553 
-0.353553 0 0.353553 -0.191342 0 0.46194 0 0 0.5 
0 0 0.5 0.191342 0 0.46194 0.353553 0 0.353553 
0.353553 0 0.353553 0.46194 0 0.191342 0.5 0 3.06162e-17 
0.5 0 3.06162e-17 0.46194 0 -0.191342 0.353553 0 -0.353553 
0.353553 0 -0.353553 0.191342 0 -0.46194 0 0 -0.5 
0 0.0478318 -0.490486 -0.187701 0.0478318 -0.45315 -0.346826 0.0478318 -0.346826 
-0.346826 0.0478318 -0.346826 -0.45315 0.0478318 -0.187701 -0.490486 0.0478318 3.00336e-17 
-0.490486 0.0478318 3.00336e-17 -0.45315 0.0478318 0.187701 -0.346826 0.0478318 0.346826 
-0.346826 0.0478318 0.346826 -0.187701 0.0478318 0.45315 0 0.0478318 0.490486 
0 0.0478318 0.490486 0.187701 0.0478318 0.45315 0.346826 0.0478318 0.346826 
0.346826 0.0478318 0.346826 0.45315 0.0478318 0.187701 0.490486 0.0478318 3.00336e-17 
0.490486 0.0478318 3.00336e-17 0.45315 0.0478318 -0.187701 0.346826 0.0478318 -0.346826 
0.346826 0.0478318 -0.346826 0.187701 0.0478318 -0.45315 0 0.0478318 -0.490486 
0 0.0883817 -0.463391 -0.177332 0.0883817 -0.428118 -0.327667 0.0883817 -0.327667 
-0.327667 0.0883817 -0.327667 -0.428118 0.0883817 -0.177332 -0.463391 0.0883817 2.83745e-17 
-0.463391 0.0883817 2.83745e-17 -0.428118 0.0883817 0.177332 -0.327667 0.0883817 0.327667 
-0.327667 0.0883817 0.327667 -0.177332 0.0883817 0.428118 0 0.0883817 0.463391 
0 0.0883817 0.463391 0.177332 0.0883817 0.428118 0.327667 0.0883817 0.327667 
0.327667 0.0883817 0.327667 0.428118 0.0883817 0.177332 0.463391 0.0883817 2.83745e-17 
0.463391 0.0883817 2.83745e-17 0.428118 0.0883817 -0.177332 0.327667 0.0883817 -0.327667 
0.327667 0.0883817 -0.327667 0.177332 0.0883817 -0.428118 0 0.0883817 -0.463391 
0 0.115476 -0.422841 -0.161814 0.115476 -0.390654 -0.298994 0.115476 -0.298994 
-0.298994 0.115476 -0.298994 -0.390654 0.115476 -0.161814 -0.422841 0.115476 2.58916e-17 
-0.422841 0.115476 2.58916e-17 -0.390654 0.115476 0.161814 -0.298994 0.115476 0.298994 
-0.298994 0.115476 0.298994 -0.161814 0.115476 0.390654 0 0.115476 0.422841 
0 0.115476 0.422841 0.161814 0.115476 0.390654 0.298994 0.115476 0.298994 
0.298994 0.115476 0.298994 0.390654 0.115476 0.161814 0.422841 0.115476 2.58916e-17 
0.422841 0.115476 2.58916e-17 0.390654 0.115476 -0.161814 0.298994 0.115476 -0.298994 
0.298994 0.115476 -0.298994 0.161814 0.115476 -0.390654 0 0.115476 -0.422841 
0 0.124991 -0.375009 -0.14351 0.124991 -0.346463 -0.265172 0.124991 -0.265172 
-0.265172 0.124991 -0.265172 -0.346463 0.124991 -0.14351 -0.375009 0.124991 2.29627e-17 
-0.375009 0.124991 2.29627e-17 -0.346463 0.124991 0.14351 -0.265172 0.124991 0.265172 
-0.265172 0.124991 0.265172 -0.14351 0.124991 0.346463 0 0.124991 0.375009 
0 0.124991 0.375009 0.14351 0.124991 0.346463 0.265172 0.124991 0.265172 
0.265172 0.124991 0.265172 0.346463 0.124991 0.14351 0.375009 0.124991 2.29627e-17 
0.375009 0.124991 2.29627e-17 0.346463 0.124991 -0.14351 0.265172 0.124991 -0.265172 
0.265172 0.124991 -0.265172 0.14351 0.124991 -0.346463 0 0.124991 -0.375009 
0 0.124991 -0.375009 -0.14351 0.124991 -0.346463 -0.265172 0.124991 -0.265172 
-0.265172 0.124991 -0.265172 -0.346463 0.124991 -0.14351 -0.375009 0.124991 2.29627e-17 
-0.375009 0.124991 2.29627e-17 -0.346463 0.124991 0.14351 -0.265172 0.124991 0.265172 
-0.265172 0.124991 0.265172 -0.14351 0.124991 0.346463 0 0.124991 0.375009 
0 0.124991 0.375009 0.14351 0.124991 0.346463 0.265172 0.124991 0.265172 
0.265172 0.124991 0.265172 0.346463 0.124991 0.14351 0.375009 0.124991 2.29627e-17 
0.375009 0.124991 2.29627e-17 0.346463 0.124991 -0.14351 0.265172 0.124991 -0.265172 
0.265172 0.124991 -0.265172 0.14351 0.124991 -0.346463 0 0.124991 -0.375009 
0 0.115476 -0.327178 -0.125205 0.115476 -0.302273 -0.231349 0.115476 -0.231349 
-0.231349 0.115476 -0.231349 -0.302273 0.115476 -0.125205 -0.327178 0.115476 2.00338e-17 
-0.327178 0.115476 2.00338e-17 -0.302273 0.115476 0.125205 -0.231349 0.115476 0.231349 
-0.231349 0.115476 0.231349 -0.125205 0.115476 0.302273 0 0.115476 0.327178 
0 0.115476 0.327178 0.125205 0.115476 0.302273 0.231349 0.115476 0.231349 
0.231349 0.115476 0.231349 0.302273 0.115476 0.125205 0.327178 0.115476 2.00338e-17 
0.327178 0.115476 2.00338e-17 0.302273 0.115476 -0.125205 0.231349 0.115476 -0.231349 
0.231349 0.115476 -0.231349 0.125205 0.115476 -0.302273 0 0.115476 -0.327178 
0 0.0883817 -0.286628 -0.109688 0.0883817 -0.264809 -0.202676 0.0883817 -0.202676 
-0.202676 0.0883817 -0.202676 -0.264809 0.0883817 -0.109688 -0.286628 0.0883817 1.75509e-17 
-0.286628 0.0883817 1.75509e-17 -0.264809 0.0883817 0.109688 -0.202676 0.0883817 0.202676 
-0.202676 0.0883817 0.202676 -0.109688 0.0883817 0.264809 0 0.0883817 0.286628 
0 0.0883817 0.286628 0.109688 0.0883817 0.264809 0.202676 0.0883817 0.202676 
0.202676 0.0883817 0.202676 0.264809 0.0883817 0.109688 0.286628 0.0883817 1.75509e-17 
0.286628 0.0883817 1.75509e-17 0.264809 0.0883817 -0.109688 0.202676 0.0883817 -0.202676 
0.202676 0.0883817 -0.202676 0.109688 0.0883817 -0.264809 0 0.0883817 -0.286628 
0 0.0478318 -0.259533 -0.099319 0.0478318 -0.239777 -0.183518 0.0478318 -0.183518 
-0.183518 0.0478318 -0.183518 -0.239777 0.0478318 -0.099319 -0.259533 0.0478318 1.58918e-17 
-0.259533 0.0478318 1.58918e-17 -0.239777 0.0478318 0.099319 -0.183518 0.0478318 0.183518 
-0.183518 0.0478318 0.183518 -0.099319 0.0478318 0.239777 0 0.0478318 0.259533 
0 0.0478318 0.259533 0.099319 0.0478318 0.239777 0.183518 0.0478318 0.183518 
0.183518 0.0478318 0.183518 0.239777 0.0478318 0.099319 0.259533 0.0478318 1.58918e-17 
0.259533 0.0478318 1.58918e-17 0.239777 0.0478318 -0.099319 0.183518 0.0478318 -0.183518 
0.183518 0.0478318 -0.183518 0.099319 0.0478318 -0.239777 0 0.0478318 -0.259533 
0 0 -0.250019 -0.095678 0 -0.230987 -0.17679 0 -0.17679 
-0.17679 0 -0.17679 -0.230987 0 -0.095678 -0.250019 0 1.53092e-17 
-0.250019 0 1.53092e-17 -0.230987 0 0.095678 -0.17679 0 0.17679 
-0.17679 0 0.17679 -0.095678 0 0.230987 0 0 0.250019 
0 0 0.250019 0.095678 0 0.230987 0.17679 0 0.17679 
0.17679 0 0.17679 0.230987 0 0.095678 0.250019 0 1.53092e-17 
0.250019 0 1.53092e-17 0.230987 0 -0.095678 0.17679 0 -0.17679 
0.17679 0 -0.17679 0.095678 0 -0.230987 0 0 -0.250019 
6 24 0 25 1 26 2 
6 27 3 28 4 29 5 
6 30 6 31 7 32 8 
6 33 9 34 10 35 11 
6 36 12 37 13 38 14 
6 39 15 40 16 41 17 
6 42 18 43 19 44 20 
6 45 21 46 22 47 23 
6 48 24 49 25 50 26 
6 51 27 52 28 53 29 
6 54 30 55 31 56 32 
6 57 33 58 34 59 35 
6 60 36 61 37 62 38 
6 63 39 64 40 65 41 
6 66 42 67 43 68 44 
6 69 45 70 46 71 47 
6 72 48 73 49 74 50 
6 75 51 76 52 77 53 
6 78 54 79 55 80 56 
6 81 57 82 58 83 59 
6 84 60 85 61 86 62 
6 87 63 88 64 89 65 
6 90 66 91 67 92 68 
6 93 69 94 70 95 71 
6 96 72 97 73 98 74 
6 99 75 100 76 101 77 
6 102 78 103 79 104 80 
6 105 81 106 82 107 83 
6 108 84 109 85 110 86 
6 111 87 112 88 113 89 
6 114 90 115 91 116 92 
6 117 93 118 94 119 95 
6 144 120 145 121 146 122 
6 147 123 148 124 149 125 
6 150 126 151 127 152 128 
6 153 129 154 130 155 131 
6 156 132 157 133 158 134 
6 159 135 160 136 161 137 
6 162 138 163 139 164 140 
6 165 141 166 142 167 143 
6 168 144 169 145 170 146 
6 171 147 172 148 173 149 
6 174 150 175 151 176 152 
6 177 153 178 154 179 155 
6 180 156 181 157 182 158 
6 183 159 184 160 185 161 
6 186 162 187 163 188 164 
6 189 165 190 166 191 167 
6 192 168 193 169 194 170 
6 195 171 196 172 197 173 
6 198 174 199 175 200 176 
6 201 177 202 178 203 179 
6 204 180 205 181 206 182 
6 207 183 208 184 209 185 
6 210 186 211 187 212 188 
6 213 189 214 190 215 191 
6 216 192 217 193 218 194 
6 219 195 220 196 221 197 
6 222 198 223 199 224 200 
6 225 201 226 202 227 203 
6 228 204 229 205 230 206 
6 231 207 232 208 233 209 
6 234 210 235 211 236 212 
6 237 213 238 214 239 215 
6 264 240 265 241 266 242 
6 267 243 268 244 269 245 
6 270 246 271 247 272 248 
6 273 249 274 250 275 251 
6 276 252 277 253 278 254 
6 279 255 280 256 281 257 
6 282 258 283 259 284 260 
6 285 261 286 262 287 263 
6 288 264 289 265 290 266 
6 291 267 292 268 293 269 
6 294 270 295 271 296 272 
6 297 273 298 274 299 275 
6 300 276 301 277 302 278 
6 303 279 304 280 305 281 
6 306 282 307 283 308 284 
6 309 285 310 286 311 287 
6 312 288 313 289 314 290 
6 315 291 316 292 317 293 
6 318 294 319 295 320 296 
6 321 297 322 298 323 299 
6 324 300 325 301 326 302 
6 327 303 328 304 329 305 
6 330 306 331 307 332 308 
6 333 309 334 310 335 311 
6 336 312 337 313 338 314 
6 339 315 340 316 341 317 
6 342 318 343 319 344 320 
6 345 321 346 322 347 323 
6 348 324 349 325 350 326 
6 351 327 352 328 353 329 
6 354 330 355 331 356 332 
6 357 333 358 334 359 335 
6 384 360 385 361 386 362 
6 387 363 388 364 389 365 
6 390 366 391 367 392 368 
6 393 369 394 370 395 371 
6 396 372 397 373 398 374 
6 399 375 400 376 401 377 
6 402 378 403 379 404 380 
6 405 381 406 382 407 383 
6 408 384 409 385 410 386 
6 411 387 412 388 413 389 
6 414 390 415 391 416 392 
6 417 393 418 394 419 395 
6 420 396 421 397 422 398 
6 423 399 424 400 425 401 
6 426 402 427 403 428 404 
6 429 405 430 406 431 407 
6 432 408 433 409 434 410 
6 435 411 436 412 437 413 
6 438 414 439 415 440 416 
6 441 417 442 418 443 419 
6 444 420 445 421 446 422 
6 447 423 448 424 449 425 
6 450 426 451 427 452 428 
6 453 429 454 430 455 431 
6 456 432 457 433 458 434 
6 459 435 460 436 461 437 
6 462 438 463 439 464 440 
6 465 441 466 442 467 443 
6 468 444 469 445 470 446 
6 471 447 472 448 473 449 
6 474 450 475 451 476 452 
6 477 453 478 454 479 455 
-1
